procs -----------memory---------- ---swap-- -----io---- -system-- ------cpu-----
 r  b   swpd   free   buff  cache   si   so    bi    bo   in   cs us sy id wa st
 6  0      0 9572492 114144 2306736    0    0     8    16    1    1  2  1 97  0  0
 4  0      0 7875000 114144 2306996    0    0     0    22 8045 12004 24 37 40  0  0
 2  0      0 7836640 114148 2307244    0    0     0    22 8450 12084 24 36 40  0  0
 4  0      0 7937548 114148 2307484    0    0     0    21 8763 12483 24 35 41  0  0
 5  0      0 8350924 114148 2307720    0    0     0    22 8487 12337 17 33 49  0  0
 6  0      0 8222516 114148 2307940    0    0     0    22 8208 12788  7 30 63  0  0
 2  0      0 8346280 114148 2308140    0    0     0    21 8293 12756  7 30 63  0  0
 3  0      0 8241440 114160 2308648    0    0     0    25 8273 12649  9 30 61  0  0
 4  0      0 8130528 114164 2309232    0    0     0    39 9437 13256 11 28 60  0  0
 3  0      0 8333364 114164 2309592    0    0     0    31 9537 13923  8 28 63  0  0
 1  0      0 8301880 114164 2309824    0    0     0    20 9444 13778  7 28 64  1  0
 1  0      0 8193980 114164 2310000    0    0     0    20 9792 14192  7 29 64  1  0
 3  0      0 8321444 114164 2310204    0    0     0    20 9661 14291  7 28 64  1  0
 1  0      0 8323456 114164 2310380    0    0     0    20 9603 12763  7 25 68  0  0
 1  0      0 8307688 114164 2310608    0    0     0    24 8253 11377  7 24 69  0  0
 1  0      0 8384952 114164 2310848    0    0     0    21 8549 11509  7 23 70  0  0
 1  0      0 8395896 114212 2311840    0    0     0    40 8195 11280 13 24 62  0  0
 1  0      0 8225600 114216 2312696    0    0     0    34 8992 11914 12 24 65  0  0
 3  0      0 8314932 114256 2313184    0    0     0    28 8821 11462  9 22 69  0  0
 1  0      0 8392080 114256 2313412    0    0     0    21 7796 10800  7 23 70  0  0
 0  0      0 8277480 114272 2313996    0    0     0    28 7969 11002  9 23 68  0  0
procs -----------memory---------- ---swap-- -----io---- -system-- ------cpu-----
 r  b   swpd   free   buff  cache   si   so    bi    bo   in   cs us sy id wa st
 1  0      0 8302820 114272 2314236    0    0     0    25 8612 11640  7 23 70  0  0
 2  0      0 8351904 114272 2314480    0    0     0    22 8866 10225  6 17 77  0  0
 7  0      0 8329476 114276 2314712    0    0     0    22 8339 9734  5 17 78  0  0
 0  0      0 8353744 114276 2314928    0    0     0    24 8233 9579  5 16 78  0  0
 1  0      0 8347076 114280 2315152    0    0     0    20 7809 9308  6 17 77  0  0
 1  0      0 8363480 114280 2315384    0    0     0    21 7140 9020  6 18 76  0  0
 1  0      0 8313368 114280 2315572    0    0     0    19 7114 8636  6 17 77  0  0
 2  0      0 8112828 114280 2315748    0    0     0    20 6679 8604  6 17 77  0  0
 1  0      0 8293904 114280 2315960    0    0     0    22 6910 8698  6 18 76  0  0
 3  0      0 8117800 114280 2316208    0    0     0    26 7074 8741  6 17 77  0  0
 2  0      0 8042860 114280 2316452    0    0     0    21 7024 8808  6 17 77  0  0
 5  0      0 6695652 114280 2316680    0    0     0    23 6836 8503  7 17 76  0  0
 5  0      0 5046492 114280 2316912    0    0     0    22 5165 8213 10 28 62  0  0
 0  0      0 5098304 114280 2317132    0    0     0    21 5229 7879 10 26 64  0  0
 1  0      0 5163704 114280 2317368    0    0     0    22 5726 8292  9 25 66  0  0
 2  0      0 5312540 114280 2317592    0    0     0    21 5215 7849 10 26 64  0  0
 2  0      0 5439008 114280 2317824    0    0     0    21 5334 8075  9 24 66  0  0
 2  0      0 5146572 114280 2318048    0    0     0    20 5046 7627  9 24 66  0  0
 2  0      0 4784588 114288 2318288    0    0     0    20 5284 7805  9 25 65  0  0
 2  0      0 5098632 114288 2318464    0    0     0    21 5410 8142 10 26 65  0  0
 0  0      0 5066548 114288 2318640    0    0     0    20 5480 7537  9 22 69  0  0
procs -----------memory---------- ---swap-- -----io---- -system-- ------cpu-----
 r  b   swpd   free   buff  cache   si   so    bi    bo   in   cs us sy id wa st
 4  0      0 4765276 114288 2318848    0    0     0    20 5559 7551  8 19 72  0  0
 3  0      0 5214452 114288 2319084    0    0     0    26 5346 7484  8 19 73  0  0
 5  0      0 4629476 114288 2319316    0    0     0    22 5056 7635  9 25 66  0  0
 5  0      0 5298848 114292 2319896    0    0     1    29 5027 7789 10 27 63  0  0
 0  0      0 5228068 114296 2320220    0    0     0    22 4838 7360  9 24 66  0  0
 0  0      0 4760004 114300 2320416    0    0     0    21 5468 7893  9 24 66  0  0
 3  0      0 5225208 114300 2320608    0    0     0    20 5429 7874  9 22 69  0  0
 2  0      0 5146360 114300 2320816    0    0     0    22 5214 7576  9 24 66  0  0
 0  0      0 5366132 114300 2321052    0    0     0    21 5306 7937  9 25 65  0  0
 6  0      0 805832   4488 1658132    0    0  4066  1302 7142 7812 59 26 14  1  0
 6  0      0 550876  11952 1272676    0    0 13747  4752 6733 7664 66 26  5  3  0
 1  5      0 1067048  11648 1650972    0    0 20289  2909 6790 7994 59 26  6  9  0
 5  0      0 575084  17552 1673316    0    0 19739  2627 7164 7998 57 27  6 10  0
 1  0      0 1326044  13248 1457656    0    0  8610  1020 6321 7582 56 26 15  3  0
 0  0      0 11885248  24140 1240068    0    0   462  1630 3035 4521 58  9 33  0  0
 1  0      0 8617504  11316 1393120    0    0  3443   151 2156 3811 18  3 77  1  0
 3  0      0 12771844  25912 1113808    0    0   174  5280 3988 4482 34 10 56  0  0
 1  0      0 12490364  27828 1118108    0    0    18    21 3187 4790  8 19 73  0  0
 6  0      0 12748620  28340 1118376    0    0     0    20 3341 4842  8 18 74  0  0
 0  0      0 12700392  28816 1118780    0    0     1    19 3060 4627  8 19 73  0  0
 3  0      0 12721160  29308 1119028    0    0     0    18 3043 4677  8 19 73  0  0
procs -----------memory---------- ---swap-- -----io---- -system-- ------cpu-----
 r  b   swpd   free   buff  cache   si   so    bi    bo   in   cs us sy id wa st
 1  0      0 12705956  29816 1119344    0    0     1    20 3445 4783  8 18 73  0  0
 1  0      0 12923076  30316 1119552    0    0     0    20 3646 4853  8 17 74  0  0
 2  0      0 12610248  30840 1119772    0    0     0    20 3253 4719  8 18 74  0  0
 1  0      0 12442904  31332 1119972    0    0     0    19 3225 4672  8 18 74  0  0
 1  0      0 12749484  31804 1120156    0    0     0    19 3580 4903  7 16 77  0  0
 2  0      0 12490004  32296 1120476    0    0     0    21 3426 4815  8 18 74  0  0
 1  0      0 12497280  32756 1120668    0    0     0    20 3132 4730  8 19 73  0  0
 3  0      0 12758452  33212 1120868    0    0     0    19 3122 4660  8 19 73  0  0
 2  0      0 12575568  33700 1121060    0    0     0    19 3238 4741  8 20 72  0  0
 1  0      0 12587992  34168 1121252    0    0     0    19 3272 4740  8 19 72  0  0
 4  0      0 12582432  34516 1121440    0    0     0    19 3083 4671  8 20 72  0  0
 3  0      0 12315672  34904 1121628    0    0     0    19 3051 4655  8 20 72  0  0
 1  0      0 12506960  35320 1121824    0    0     0    19 3038 4650  8 20 72  0  0
 2  0      0 12487400  35776 1123344    0    0     5    20 2998 4632  8 20 72  0  0
 1  0      0 12118096  36208 1124144    0    0     2    21 3104 4708  8 18 74  0  0
 2  0      0 12424980  36560 1125172    0    0     3    22 2956 4577  8 19 73  0  0
 0  0      0 12542496  36940 1126396    0    0     1    27 2910 4572  8 18 73  0  0
