0.93
0.85
1.13
1.61
1.54
1.22
1.87
1.80
2.28
2.05
1.37
1.49
1.51
1.88
1.71
1.89
1.86
1.65
2.15
1.94
2.53
1.57
1.52
1.71
1.35
1.90
1.50
1.47
1.61
1.36
1.72
1.27
1.13
1.65
2.01
1.83
1.15
1.56
1.34
1.37
0.96
0.79
0.89
0.93
1.03
1.00
0.77
1.22
1.23
1.09
1.28
1.43
1.08
1.25
1.32
1.75
1.76
1.37
1.44
2.36
1.34
1.39
1.37
1.62
1.54
1.78
1.58
1.78
1.98
1.36
2.19
1.92
1.84
2.06
1.27
1.25
1.36
1.25
1.32
1.94
2.17
3.30
2.53
1.97
1.50
1.36
1.49
2.15
4.96
6.61
6.87
6.38
6.65
6.76
7.40
7.69
7.86
7.05
6.29
6.93
6.72
5.86
6.26
5.95
6.11
6.96
6.75
5.44
3.23
5.59
6.81
7.12
6.31
6.13
3.00
1.95
2.91
1.36
0.50
0.75
1.03
3.51
2.74
