1.00
2.02
3.33
2.83
2.93
3.29
2.97
3.79
3.14
3.54
2.85
2.77
3.12
2.24
2.53
2.81
3.24
2.89
2.46
2.13
1.24
1.76
3.81
3.13
2.02
1.97
1.83
1.50
1.83
1.84
2.29
2.31
1.94
1.97
2.10
3.43
3.56
2.70
3.61
3.15
2.34
1.79
1.90
2.55
2.29
3.00
2.92
2.48
1.83
1.86
1.95
1.97
2.02
1.22
1.45
1.57
1.65
2.76
2.24
1.78
2.07
2.31
1.25
1.85
1.47
2.34
2.13
1.59
2.04
1.33
1.28
1.27
1.31
2.26
1.93
1.34
1.26
1.07
1.82
3.23
1.95
2.83
2.66
1.91
1.83
1.88
2.36
1.37
1.28
1.13
1.52
1.78
1.68
1.46
1.30
1.06
1.60
1.56
1.90
1.44
1.55
1.11
1.12
1.03
2.52
1.48
1.38
1.55
1.76
1.57
1.87
1.06
1.02
0.83
0.62
1.38
1.50
1.58
1.29
0.79
1.14
1.62
0.84
0.59
1.02
1.17
1.26
1.28
1.25
1.10
1.33
1.39
1.08
1.10
1.75
1.47
0.92
0.72
1.10
0.92
1.01
1.42
1.07
1.63
1.21
1.21
1.08
1.09
1.30
0.78
0.94
1.43
1.64
1.11
1.08
0.93
0.69
1.24
0.96
0.77
2.11
2.16
1.47
1.47
1.16
0.85
1.13
1.61
1.54
1.22
1.87
1.80
2.28
2.05
1.37
1.49
1.51
1.88
1.71
1.89
1.86
1.65
2.15
1.94
2.53
1.57
1.52
1.71
1.35
1.90
1.50
1.47
1.61
1.36
1.72
1.17
1.20
1.59
2.09
1.76
1.14
1.52
1.23
1.58
0.89
0.81
0.98
0.85
1.11
1.00
0.87
1.21
1.21
1.08
1.50
1.80
1.07
1.23
1.29
1.69
1.62
1.42
1.65
2.25
1.32
1.76
1.34
1.73
1.66
1.64
1.61
1.80
1.83
1.34
2.18
1.84
1.77
1.89
1.33
1.47
1.49
1.23
1.37
1.87
2.24
3.12
2.33
1.82
1.38
1.25
1.53
2.13
4.96
6.48
6.96
6.35
6.52
6.62
7.37
7.24
8.19
6.97
6.34
6.38
6.50
5.87
6.40
5.79
5.86
7.04
6.61
5.01
3.29
5.54
7.07
6.95
6.13
5.72
2.84
2.12
2.68
1.36
0.50
0.75
1.03
3.51
2.74
